100 0.0009984970092773438
200 0.0037183761596679688
300 0.003988981246948242
400 0.005985260009765625
500 0.005355119705200195
600 0.00735163688659668
700 0.013962268829345703
800 0.07114052772521973
900 0.16553950309753418
1000 0.07878923416137695
1100 0.03291201591491699
1200 0.03390908241271973
1300 0.03191399574279785
1400 0.04487967491149902
1500 0.034906864166259766
1600 0.028921842575073242
1700 0.03291201591491699
1800 0.03789806365966797
1900 0.0498661994934082
2000 0.05186271667480469
2100 0.05588960647583008
2200 0.07960963249206543
2300 0.13678407669067383
2400 0.05488419532775879
2500 0.06097078323364258
2600 0.06303143501281738
2700 0.05285811424255371
2800 0.06582236289978027
2900 0.06383085250854492
3000 0.05204439163208008
3100 0.06034564971923828
3200 0.05684804916381836
3300 0.05978965759277344
3400 0.061699628829956055
3500 0.06416106224060059
3600 0.08729410171508789
3700 0.07683539390563965
3800 0.07591843605041504
3900 0.07114362716674805
4000 0.07978653907775879
4100 0.07878899574279785
4200 0.09137773513793945
4300 0.08684563636779785
4400 0.08541178703308105
4500 0.09220647811889648
4600 0.1016840934753418
4700 0.10073018074035645
4800 0.09308171272277832
4900 0.10298705101013184
5000 0.09969449043273926
5100 0.1074669361114502
5200 0.10125494003295898
5300 0.10520005226135254
5400 0.10921144485473633
5500 0.0963890552520752
5600 0.11625504493713379
5700 0.11269927024841309
5800 0.13164591789245605
5900 0.11533117294311523
6000 0.11075949668884277
6100 0.12424755096435547
6200 0.11967921257019043
6300 0.13016128540039062
6400 0.1326460838317871
6500 0.1246633529663086
6600 0.13065052032470703
6700 0.13065075874328613
6800 0.13949871063232422
6900 0.14168190956115723
7000 0.14261674880981445
7100 0.11325764656066895
7200 0.11072707176208496
7300 0.14261889457702637
7400 0.12366962432861328
7500 0.12070178985595703
7600 0.11965322494506836
7700 0.12068319320678711
7800 0.12218880653381348
7900 0.12466597557067871
8000 0.13068032264709473
8100 0.1296522617340088
8200 0.13372802734375
8300 0.13161802291870117
8400 0.1314380168914795
8500 0.1342451572418213
8600 0.136627197265625
8700 0.13660883903503418
8800 0.1416468620300293
8900 0.14359045028686523
9000 0.14461326599121094
9100 0.14663171768188477
9200 0.1476306915283203
9300 0.14660382270812988
9400 0.15305566787719727
9500 0.15789222717285156
9600 0.154801607131958
9700 0.1551985740661621
9800 0.15784335136413574
9900 0.1585705280303955
10000 0.16072869300842285
10100 0.16263937950134277
10200 0.17156457901000977
10300 0.16776728630065918
10400 0.17056846618652344
10500 0.17051100730895996
10600 0.17255949974060059
10700 0.1784980297088623
10800 0.1805410385131836
10900 0.18154239654541016
11000 0.20493769645690918
11100 0.21988677978515625
11200 0.22751832008361816
11300 0.25076746940612793
11400 0.22314906120300293
11500 0.2720913887023926
11600 0.2871730327606201
11700 0.23092985153198242
11800 0.22084641456604004
11900 0.21204686164855957
12000 0.21831369400024414
12100 0.21101140975952148
12200 0.25347018241882324
12300 0.2429218292236328
12400 0.2523307800292969
12500 0.25768184661865234
12600 0.24849987030029297
12700 0.21996617317199707
12800 0.26662492752075195
12900 0.23035264015197754
13000 0.26682448387145996
13100 0.30219125747680664
13200 0.2775695323944092
13300 0.29207301139831543
13400 0.2455124855041504
13500 0.23741769790649414
13600 0.241835355758667
13700 0.23537063598632812
13800 0.23334527015686035
13900 0.23639130592346191
14000 0.23836278915405273
14100 0.2430431842803955
14200 0.24335408210754395
14300 0.24795031547546387
14400 0.24682974815368652
14500 0.24956774711608887
14600 0.24762487411499023
14700 0.25011444091796875
14800 0.25734829902648926
14900 0.25644659996032715
15000 0.25731325149536133
15100 0.2583141326904297
15200 0.2673196792602539
15300 0.2648282051086426
15400 0.2684810161590576
15500 0.27477216720581055
15600 0.2680506706237793
15700 0.27084922790527344
15800 0.2694864273071289
15900 0.2744019031524658
16000 0.2774074077606201
16100 0.27940917015075684
16200 0.2792534828186035
16300 0.28383898735046387
16400 0.28024959564208984
16500 0.2833139896392822
16600 0.2872312068939209
16700 0.2921876907348633
16800 0.27828335762023926
16900 0.2959408760070801
17000 0.29919910430908203
17100 0.29922938346862793
17200 0.29828381538391113
17300 0.30275774002075195
17400 0.30429720878601074
17500 0.30318737030029297
17600 0.31219482421875
17700 0.3099095821380615
17800 0.3077113628387451
17900 0.3131229877471924
18000 0.31771063804626465
18100 0.31374573707580566
18200 0.31281590461730957
18300 0.32474851608276367
18400 0.31862473487854004
18500 0.3217301368713379
18600 0.3217451572418213
18700 0.33023905754089355
18800 0.33011674880981445
18900 0.3353078365325928
19000 0.3300755023956299
19100 0.32814621925354004
19200 0.33954381942749023
19300 0.34383058547973633
19400 0.33310699462890625
19500 0.35083770751953125
19600 0.34261417388916016
19700 0.34699487686157227
19800 0.34707093238830566
19900 0.343076229095459
20000 0.38315439224243164
20100 0.3691370487213135
20200 0.358201265335083
20300 0.3570249080657959
20400 0.3645176887512207
20500 0.39150047302246094
20600 0.37714219093322754
20700 0.372028112411499
20800 0.3688633441925049
20900 0.3709385395050049
21000 0.3709702491760254
21100 0.383350133895874
21200 0.38876867294311523
21300 0.38216519355773926
21400 0.3835587501525879
21500 0.38901376724243164
21600 0.3949766159057617
21700 0.3887157440185547
21800 0.39550256729125977
21900 0.39925670623779297
22000 0.39993834495544434
22100 0.4029712677001953
22200 0.40509510040283203
22300 0.400662899017334
22400 0.41047120094299316
22500 0.4029209613800049
22600 0.4180781841278076
22700 0.41261935234069824
22800 0.4153265953063965
22900 0.41690945625305176
23000 0.4130821228027344
23100 0.4187638759613037
23200 0.4162933826446533
23300 0.4198451042175293
23400 0.4248206615447998
23500 0.42064404487609863
23600 0.42787981033325195
23700 0.4374833106994629
23800 0.4339752197265625
23900 0.42845797538757324
24000 0.4419572353363037
24100 0.43394899368286133
24200 0.44832682609558105
24300 0.44356274604797363
24400 0.445293664932251
24500 0.44683098793029785
24600 0.44834089279174805
24700 0.4567601680755615
24800 0.4473397731781006
24900 0.45632100105285645
25000 0.4537830352783203
25100 0.4637281894683838
25200 0.4570889472961426
25300 0.4450523853302002
25400 0.4630310535430908
25500 0.46843767166137695
25600 0.47028279304504395
25700 0.47086238861083984
25800 0.4797196388244629
25900 0.47533440589904785
26000 0.4793868064880371
26100 0.4797251224517822
26200 0.48146748542785645
26300 0.48439455032348633
26400 0.48769569396972656
26500 0.48432302474975586
26600 0.487623929977417
26700 0.4904968738555908
26800 0.4923427104949951
26900 0.4946770668029785
27000 0.49073195457458496
27100 0.49680471420288086
27200 0.5056459903717041
27300 0.4901468753814697
27400 0.5232324600219727
27500 0.5880699157714844
27600 0.5756266117095947
27700 0.5187773704528809
27800 0.854093074798584
27900 0.7376818656921387
28000 0.7033851146697998
28100 1.0624041557312012
28200 0.8869774341583252
28300 1.0413525104522705
28400 0.8073287010192871
28500 0.7727746963500977
28600 0.6303095817565918
28700 0.6160743236541748
28800 0.6047532558441162
28900 0.6343972682952881
29000 0.5930516719818115
29100 0.617957592010498
29200 0.612720251083374
29300 0.6246161460876465
29400 0.7268581390380859
29500 0.8697693347930908
29600 0.9121928215026855
29700 1.017521858215332
29800 0.6891467571258545
29900 0.6142313480377197
30000 0.6501626968383789
30100 0.6956543922424316
30200 0.6836133003234863
30300 0.612978458404541
30400 0.5825083255767822
30500 0.5979433059692383
30600 0.6097357273101807
30700 0.6423628330230713
30800 0.6221752166748047
30900 0.6153619289398193
31000 0.6763803958892822
31100 0.6931972503662109
31200 0.6727354526519775
31300 0.6718301773071289
31400 0.7226331233978271
31500 0.7121119499206543
31600 0.7549667358398438
31700 1.0166242122650146
31800 1.0470008850097656
31900 1.0105681419372559
32000 0.8415436744689941
32100 0.7093236446380615
32200 0.7650039196014404
32300 0.7159097194671631
32400 0.7305276393890381
32500 0.7170062065124512
32600 0.7968554496765137
32700 0.7087483406066895
32800 0.8376047611236572
32900 0.7063741683959961
33000 0.7374560832977295
33100 0.868584394454956
33200 0.7307605743408203
33300 0.7413327693939209
33400 0.707737922668457
33500 0.6819088459014893
33600 0.6550657749176025
33700 0.6405930519104004
33800 0.6414685249328613
33900 0.639451265335083
34000 0.716895580291748
34100 0.647465705871582
34200 0.6465647220611572
34300 0.6556277275085449
34400 0.7185654640197754
34500 0.7370328903198242
34600 0.7518279552459717
34700 0.7183475494384766
34800 0.7678461074829102
34900 0.6807477474212646
35000 0.7486369609832764
35100 0.6705963611602783
35200 0.661649227142334
35300 0.7150495052337646
35400 0.8692636489868164
35500 0.7706007957458496
35600 0.8361587524414062
35700 0.7919435501098633
35800 0.790877103805542
35900 0.696295976638794
36000 0.7724308967590332
36100 0.7714700698852539
36200 0.8079080581665039
36300 0.9872574806213379
36400 2.518904209136963
36500 1.2565104961395264
36600 1.3450095653533936
36700 1.195871353149414
36800 1.151414155960083
36900 0.8007595539093018
37000 0.7107498645782471
37100 0.7819247245788574
37200 0.717609167098999
37300 0.7217953205108643
37400 0.7242448329925537
37500 0.7252423763275146
37600 0.7206826210021973
37700 0.7224509716033936
37800 0.7405376434326172
37900 0.7596249580383301
38000 0.7315723896026611
38100 0.7435011863708496
38200 0.7340667247772217
38300 0.7391245365142822
38400 0.7362573146820068
38500 0.747316837310791
38600 0.7477660179138184
38700 0.7424342632293701
38800 0.7481796741485596
38900 0.7557828426361084
39000 0.7498118877410889
39100 0.7610898017883301
39200 0.7527155876159668
39300 0.7551164627075195
39400 0.7643725872039795
39500 0.7577183246612549
39600 0.7642674446105957
39700 0.7646176815032959
39800 0.7701802253723145
39900 0.7639756202697754
40000 0.7668702602386475
40100 0.7732460498809814
40200 0.7886626720428467
40300 0.791712760925293
40400 0.7890634536743164
40500 0.7758712768554688
40600 0.7863996028900146
40700 0.787015438079834
40800 0.7921946048736572
40900 0.7939567565917969
41000 0.8045730590820312
41100 0.7984516620635986
41200 0.7862453460693359
41300 0.8073515892028809
41400 0.8088364601135254
41500 0.8084239959716797
41600 0.8065090179443359
41700 0.826530933380127
41800 0.8119444847106934
41900 0.8171555995941162
42000 0.8154687881469727
42100 0.8247945308685303
42200 0.8201098442077637
42300 0.8224315643310547
42400 0.845073938369751
42500 0.8387389183044434
42600 0.8318862915039062
42700 0.8382408618927002
42800 0.8333275318145752
42900 0.8463540077209473
43000 0.9530563354492188
43100 0.884772777557373
43200 0.9867122173309326
43300 0.897712230682373
43400 0.8613674640655518
43500 0.8673880100250244
43600 0.8571629524230957
43700 0.8800942897796631
43800 0.9004597663879395
43900 0.8847036361694336
44000 0.8973391056060791
44100 0.8880834579467773
44200 0.9254794120788574
44300 0.9047040939331055
44400 0.9022767543792725
44500 0.9002118110656738
44600 0.8997237682342529
44700 0.9091064929962158
44800 0.9236979484558105
44900 0.9165103435516357
45000 0.9106454849243164
45100 0.9191279411315918
45200 0.912738561630249
45300 0.9188432693481445
45400 0.922757625579834
45500 0.9355268478393555
45600 0.9229955673217773
45700 0.9274022579193115
45800 0.927626371383667
45900 0.9373519420623779
46000 0.9356858730316162
46100 0.948286771774292
46200 0.9459762573242188
46300 0.9401571750640869
46400 0.9448766708374023
46500 0.9428205490112305
46600 0.9452471733093262
46700 0.9582312107086182
46800 0.9546735286712646
46900 0.9510030746459961
47000 0.953453779220581
47100 0.9697282314300537
47200 0.9852299690246582
47300 0.9332578182220459
47400 0.9501161575317383
47500 0.9415285587310791
47600 0.9408204555511475
47700 1.0038328170776367
47800 0.9514784812927246
47900 0.9570918083190918
48000 0.960087776184082
48100 0.9691605567932129
48200 0.9680080413818359
48300 1.1427557468414307
48400 0.9695472717285156
48500 0.9654803276062012
48600 0.9764819145202637
48700 0.9749000072479248
48800 0.9687774181365967
48900 0.9662024974822998
49000 0.9677140712738037
49100 0.9804589748382568
49200 0.9784109592437744
49300 0.9851329326629639
49400 1.02022123336792
49500 1.0093793869018555
49600 0.9894914627075195
49700 0.988072395324707
49800 0.9930024147033691
49900 1.0022156238555908
50000 0.9960222244262695
50100 1.0027530193328857
50200 1.0021355152130127
50300 1.0057153701782227
50400 1.0047743320465088
50500 1.0131480693817139
50600 1.0373494625091553
50700 1.0153212547302246
50800 1.0059759616851807
50900 1.0102975368499756
51000 1.0099518299102783
51100 1.0175220966339111
51200 1.0423691272735596
51300 1.0354399681091309
51400 1.0281109809875488
51500 1.0217669010162354
51600 1.037550926208496
51700 1.021371603012085
51800 1.0396287441253662
51900 1.0353193283081055
52000 1.0404620170593262
52100 1.0434355735778809
52200 1.0697994232177734
52300 1.0455594062805176
52400 1.0713534355163574
52500 1.0681333541870117
52600 1.0583374500274658
52700 1.059844970703125
52800 1.0608110427856445
52900 1.019568920135498
53000 1.0779051780700684
53100 1.1060535907745361
53200 1.0780155658721924
53300 1.075005292892456
53400 1.0761730670928955
53500 1.080080270767212
53600 1.1031463146209717
53700 1.0720982551574707
53800 1.081430435180664
53900 1.0912251472473145
54000 1.0950031280517578
54100 1.1271553039550781
54200 1.0861685276031494
54300 1.0795345306396484
54400 1.1217000484466553
54500 1.117471694946289
54600 1.0983378887176514
54700 1.1067290306091309
54800 1.1021416187286377
54900 1.1052627563476562
55000 1.10943603515625
55100 1.1137268543243408
55200 1.111478328704834
55300 1.1200015544891357
55400 1.11448073387146
55500 1.140094518661499
55600 1.1157212257385254
55700 1.120504379272461
55800 1.131035566329956
55900 1.1363368034362793
56000 1.155919075012207
56100 1.1366026401519775
56200 1.127112627029419
56300 1.14034104347229
56400 1.1389708518981934
56500 1.1429939270019531
56600 1.1493189334869385
56700 1.1489977836608887
56800 1.1501646041870117
56900 1.1481835842132568
57000 1.1594741344451904
57100 1.1601762771606445
57200 1.1620173454284668
57300 1.164083480834961
57400 1.1685287952423096
57500 1.1583702564239502
57600 1.177664041519165
57700 1.1625080108642578
57800 1.183863639831543
57900 1.16923189163208
58000 1.1680216789245605
58100 1.177438497543335
58200 1.1642675399780273
58300 1.1851511001586914
58400 1.1925575733184814
58500 1.182915210723877
58600 1.1848292350769043
58700 1.1742439270019531
58800 1.194833755493164
58900 1.1910719871520996
59000 1.19282865524292
59100 1.2144691944122314
59200 1.1963169574737549
59300 1.2040925025939941
59400 1.2159678936004639
59500 1.191706657409668
59600 1.2296526432037354
59700 1.2302289009094238
59800 1.2386345863342285
59900 1.2472500801086426
60000 1.2401928901672363
60100 1.224705457687378
60200 1.212186574935913
60300 1.222982406616211
60400 1.2355310916900635
60500 1.265944004058838
60600 1.2429249286651611
60700 1.2318365573883057
60800 1.2309365272521973
60900 1.2303407192230225
61000 1.2425599098205566
61100 1.2457151412963867
61200 1.2394843101501465
61300 1.2288613319396973
61400 1.231977939605713
61500 1.247312068939209
61600 1.2611596584320068
61700 1.2577741146087646
61800 1.2656574249267578
61900 1.2581470012664795
62000 1.279958724975586
62100 1.2637624740600586
62200 1.2571680545806885
62300 1.27736496925354
62400 1.2674598693847656
62500 1.2684166431427002
62600 1.277801275253296
62700 1.2764580249786377
62800 1.275526523590088
62900 1.2770130634307861
63000 1.2857344150543213
63100 1.275120735168457
63200 1.2765018939971924
63300 1.28859543800354
63400 1.2923388481140137
63500 1.3233940601348877
63600 1.2997205257415771
63700 1.3060705661773682
63800 1.3658318519592285
63900 1.5842857360839844
64000 2.658623695373535
64100 1.8865737915039062
64200 1.9763433933258057
64300 1.508638858795166
64400 1.580204963684082
64500 1.361720085144043
64600 1.3396525382995605
64700 1.3531506061553955
64800 1.3795506954193115
64900 1.3350505828857422
65000 1.3466999530792236
65100 1.3432490825653076
65200 1.362546443939209
65300 1.3420443534851074
65400 1.368375539779663
65500 1.359611988067627
65600 1.3597772121429443
65700 1.367469310760498
65800 1.3575520515441895
65900 1.3709473609924316
66000 1.362764835357666
66100 1.3699064254760742
66200 1.3646557331085205
66300 1.3661003112792969
66400 1.3854014873504639
66500 1.3818600177764893
66600 1.4004759788513184
66700 1.3866493701934814
66800 1.4065003395080566
66900 1.4090476036071777
67000 1.3964502811431885
67100 1.3735682964324951
67200 1.414659023284912
67300 1.3800382614135742
67400 1.4116318225860596
67500 1.4374380111694336
67600 1.398085594177246
67700 1.4253840446472168
67800 1.433413028717041
67900 1.4360551834106445
68000 1.4462475776672363
68100 1.412898302078247
68200 1.4096739292144775
68300 1.4508793354034424
68400 1.4108521938323975
68500 1.4109783172607422
68600 1.416266918182373
68700 1.4492509365081787
68800 1.4578373432159424
68900 1.4664511680603027
69000 1.4204232692718506
69100 1.462695837020874
69200 1.5855636596679688
69300 1.9373924732208252
69400 2.0333380699157715
69500 1.5791025161743164
69600 1.543971300125122
69700 1.4566831588745117
69800 1.5703165531158447
69900 1.6528854370117188
70000 2.098348379135132
70100 1.6414616107940674
70200 1.7272849082946777
70300 1.7078673839569092
70400 1.6990742683410645
70500 2.4886958599090576
70600 2.3771214485168457
70700 2.4486398696899414
70800 2.4913599491119385
70900 3.2612950801849365
71000 2.2126598358154297
71100 2.2062532901763916
71200 2.4201245307922363
71300 1.5360264778137207
71400 1.493295431137085
71500 1.4975874423980713
71600 1.5241341590881348
71700 1.6324048042297363
71800 1.7051856517791748
71900 1.5945520401000977
72000 1.5303785800933838
72100 1.5370657444000244
72200 1.6790077686309814
72300 1.549903392791748
72400 1.5479576587677002
72500 2.0782997608184814
72600 1.754826545715332
72700 1.5544078350067139
72800 1.5651471614837646
72900 1.5612001419067383
73000 1.548090934753418
73100 1.5446465015411377
73200 1.5494060516357422
73300 1.5749192237854004
73400 1.590862512588501
73500 1.5810608863830566
73600 1.555225133895874
73700 1.5471174716949463
73800 1.5756556987762451
73900 1.5837526321411133
74000 1.5652694702148438
74100 1.5663254261016846
74200 1.5598959922790527
74300 1.587496042251587
74400 1.5840156078338623
74500 1.567978858947754
74600 1.623448371887207
74700 1.5646388530731201
74800 1.587371587753296
74900 1.5889122486114502
75000 1.6119270324707031
75100 1.5874993801116943
75200 1.6237785816192627
75300 1.6247518062591553
75400 1.6383652687072754
75500 1.6231791973114014
75600 1.6282835006713867
75700 1.6108274459838867
75800 1.610074758529663
75900 1.5970172882080078
76000 1.625244379043579
76100 1.6095330715179443
76200 1.6678712368011475
76300 1.7005054950714111
76400 1.6474604606628418
76500 1.6364777088165283
76600 1.6123683452606201
76700 1.648982048034668
76800 1.6246793270111084
76900 1.62544846534729
77000 1.661867618560791
77100 1.6591269969940186
77200 1.6599094867706299
77300 1.6927387714385986
77400 1.7002520561218262
77500 1.6562047004699707
77600 1.6582281589508057
77700 1.668700933456421
77800 1.6738150119781494
77900 1.6492490768432617
78000 1.7187299728393555
78100 1.6899306774139404
78200 1.6791267395019531
78300 1.6480462551116943
78400 1.7091023921966553
78500 1.6970953941345215
78600 1.7056078910827637
78700 1.681330919265747
78800 1.6989796161651611
78900 1.6777358055114746
79000 1.702235221862793
79100 1.6949927806854248
79200 1.7427513599395752
79300 1.7457222938537598
79400 1.7164087295532227
79500 1.7073743343353271
79600 1.6984961032867432
79700 1.7273902893066406
79800 1.6921019554138184
79900 1.7269437313079834
80000 2.1938703060150146
80100 2.328611135482788
80200 1.9025070667266846
80300 2.0725531578063965
80400 2.1395561695098877
80500 1.739725112915039
80600 1.725315809249878
80700 1.746272325515747
80800 1.754152536392212
80900 1.7574772834777832
81000 1.8345069885253906
81100 1.7801337242126465
81200 1.7316982746124268
81300 1.744481086730957
81400 1.7282962799072266
81500 1.7780125141143799
81600 1.7224502563476562
81700 1.794466257095337
81800 1.7654104232788086
81900 1.8656065464019775
82000 2.118333339691162
82100 1.8028268814086914
82200 1.7865383625030518
82300 1.7719814777374268
82400 1.7902469635009766
82500 1.758824348449707
82600 1.8001341819763184
82700 1.7785484790802002
82800 1.8154587745666504
82900 1.8259048461914062
83000 1.7604193687438965
83100 1.7998378276824951
83200 1.7943625450134277
83300 1.8179688453674316
83400 1.8273441791534424
83500 1.7983369827270508
83600 1.787855863571167
83700 1.8231315612792969
83800 1.8918342590332031
83900 1.8154876232147217
84000 1.7957024574279785
84100 1.8250138759613037
84200 1.772172212600708
84300 1.836590051651001
84400 1.8258023262023926
84500 1.8223419189453125
84600 1.8530490398406982
84700 1.8254249095916748
84800 1.8529348373413086
84900 1.8863649368286133
85000 1.814974308013916
85100 1.8820066452026367
85200 1.9192781448364258
85300 1.8672609329223633
85400 1.8865125179290771
85500 1.8822441101074219
85600 1.8510067462921143
85700 1.860671043395996
85800 1.8604674339294434
85900 1.8701226711273193
86000 1.878849983215332
86100 1.8648021221160889
86200 1.9104759693145752
86300 1.867924690246582
86400 1.9286491870880127
86500 1.917454481124878
86600 1.889136552810669
86700 1.9168713092803955
86800 1.8661437034606934
86900 1.8742625713348389
87000 1.913757562637329
87100 1.8812265396118164
87200 1.8926591873168945
87300 1.9205093383789062
87400 1.9375982284545898
87500 1.9101707935333252
87600 1.9208507537841797
87700 1.9202680587768555
87800 1.9462976455688477
87900 1.922053337097168
88000 1.9159224033355713
88100 1.9610767364501953
88200 1.9614756107330322
88300 1.9229471683502197
88400 1.912201166152954
88500 1.9566287994384766
88600 1.9117317199707031
88700 1.9296174049377441
88800 1.9231534004211426
88900 1.9991304874420166
89000 1.9915132522583008
89100 1.937178134918213
89200 2.0877017974853516
89300 1.9547913074493408
89400 1.9974160194396973
89500 2.0101239681243896
89600 1.975956678390503
89700 2.0116028785705566
89800 2.023953437805176
89900 1.971977710723877
90000 1.9693915843963623
90100 1.97538423538208
90200 1.983790636062622
90300 2.0219109058380127
90400 2.0488715171813965
90500 2.1689484119415283
90600 2.0590920448303223
90700 2.0457046031951904
90800 2.0411500930786133
90900 1.9871597290039062
91000 2.0455269813537598
91100 2.002714157104492
91200 2.016029119491577
91300 2.0125784873962402
91400 1.9815385341644287
91500 2.038060188293457
91600 2.024036169052124
91700 2.015469789505005
91800 2.002206802368164
91900 2.0448246002197266
92000 2.1151812076568604
92100 2.0337300300598145
92200 2.0499234199523926
92300 1.9956419467926025
92400 2.023206949234009
92500 2.0462236404418945
92600 2.067883014678955
92700 2.041905403137207
92800 2.039844512939453
92900 2.0682969093322754
93000 2.4361703395843506
93100 2.092451572418213
93200 2.0923922061920166
93300 2.0583267211914062
93400 2.0808112621307373
93500 2.026073694229126
93600 2.047459125518799
93700 2.2167279720306396
93800 2.1185567378997803
93900 2.1396214962005615
94000 2.064483642578125
94100 2.075655221939087
94200 2.0874664783477783
94300 2.065155267715454
94400 2.0910024642944336
94500 2.076892137527466
94600 2.078731060028076
94700 2.100609064102173
94800 2.0919392108917236
94900 2.089120626449585
95000 2.118110179901123
95100 2.0984838008880615
95200 2.126946210861206
95300 2.082972526550293
95400 2.084500789642334
95500 2.1618547439575195
95600 2.119307279586792
95700 2.107961893081665
95800 2.1892266273498535
95900 2.1240956783294678
96000 2.1201822757720947
96100 2.1249215602874756
96200 2.1289126873016357
96300 2.1388301849365234
96400 2.126488447189331
96500 2.1093664169311523
96600 2.1205289363861084
96700 2.1362175941467285
96800 2.1366844177246094
96900 2.1230309009552
97000 2.171968936920166
97100 2.1691970825195312
97200 2.121227502822876
97300 2.2703311443328857
97400 2.14900541305542
97500 2.1438028812408447
97600 2.1384928226470947
97700 2.215980052947998
97800 2.1456291675567627
97900 2.141129970550537
98000 2.172736644744873
98100 2.123185634613037
98200 2.1975975036621094
98300 2.1951236724853516
98400 2.1768674850463867
98500 2.140519380569458
98600 2.207676649093628
98700 2.205169439315796
98800 2.1318180561065674
98900 2.2038285732269287
99000 2.1812994480133057
99100 2.2002997398376465
99200 2.1644082069396973
99300 2.205933094024658
99400 2.2245302200317383
99500 2.169301986694336
99600 2.2168924808502197
99700 2.2271552085876465
99800 2.2329564094543457
99900 2.1922271251678467
100000 2.2309582233428955
100100 2.226684331893921
100200 2.1656453609466553
100300 2.2271320819854736
100400 2.2300307750701904
100500 2.1923556327819824
100600 2.252779245376587
100700 2.1887404918670654
100800 2.2680892944335938
100900 2.2968430519104004
101000 2.2748091220855713
101100 2.27785062789917
101200 2.3008921146392822
101300 2.269474506378174
101400 2.2340312004089355
101500 2.248706579208374
101600 2.2599658966064453
101700 2.2415695190429688
101800 2.257998466491699
101900 2.24302077293396
102000 2.2857866287231445
102100 2.240954637527466
102200 2.30033016204834
102300 2.2677648067474365
102400 2.290194272994995
102500 2.2733848094940186
102600 2.3031673431396484
102700 2.2735860347747803
102800 2.325721263885498
102900 2.300184488296509
103000 2.278109550476074
103100 2.303267478942871
103200 2.421243667602539
103300 2.311018466949463
103400 2.2878994941711426
103500 2.312317132949829
103600 2.345031976699829
103700 2.32226824760437
103800 2.3372230529785156
103900 2.372035264968872
104000 2.264251470565796
104100 2.3140361309051514
104200 2.3669302463531494
104300 2.2950077056884766
104400 2.3181686401367188
104500 2.3175973892211914
104600 2.328533887863159
104700 2.55964732170105
104800 2.3676435947418213
104900 2.3279354572296143
105000 2.372581958770752
105100 2.396247386932373
105200 2.411156177520752
105300 2.3185012340545654
105400 2.367271661758423
105500 2.3488080501556396
105600 2.3425819873809814
105700 2.362612724304199
105800 2.349747657775879
105900 2.3820436000823975
106000 2.3847262859344482
106100 2.3848419189453125
106200 2.409982681274414
106300 2.337252378463745
106400 2.376466989517212
106500 2.4029345512390137
106600 2.375924825668335
106700 2.3442697525024414
106800 2.4048078060150146
106900 2.3758480548858643
107000 2.360267400741577
107100 2.3787832260131836
107200 2.4006187915802
107300 2.390864372253418
107400 2.40464186668396
107500 2.5133697986602783
107600 2.393376350402832
107700 2.404818058013916
107800 2.528898239135742
107900 2.4538700580596924
108000 2.4002346992492676
108100 2.4067463874816895
108200 2.420959711074829
108300 2.5755672454833984
108400 2.512242078781128
108500 2.4979376792907715
108600 2.5425353050231934
108700 2.483140230178833
108800 2.3943417072296143
108900 3.1404945850372314
109000 2.7566559314727783
109100 5.106043100357056
109200 3.7202184200286865
109300 3.028883934020996
109400 3.255955457687378
109500 2.750487804412842
109600 2.9517934322357178
109700 3.0640711784362793
109800 2.9764394760131836
109900 3.964245080947876
110000 4.728088140487671
110100 3.446422576904297
110200 2.6808061599731445
110300 2.486297130584717
110400 2.4650542736053467
110500 2.489938497543335
110600 2.4668753147125244
110700 2.471292018890381
110800 2.5061755180358887
110900 2.4904043674468994
111000 2.5075697898864746
111100 2.4526822566986084
111200 2.47265362739563
111300 2.493434190750122
111400 2.4727580547332764
111500 2.4854371547698975
111600 2.5300281047821045
111700 2.527041435241699
111800 2.498225450515747
111900 2.6585237979888916
112000 3.1700587272644043
112100 3.3038034439086914
112200 2.594592332839966
112300 3.6766908168792725
112400 3.4807815551757812
112500 2.5815858840942383
112600 2.5557332038879395
112700 2.644273042678833
112800 2.5411903858184814
112900 2.488107681274414
113000 2.549851894378662
113100 2.5325355529785156
113200 2.574988603591919
113300 2.5749852657318115
113400 2.5617289543151855
113500 2.532975912094116
113600 2.5333642959594727
113700 2.5152456760406494
113800 2.5890307426452637
113900 2.5698444843292236
114000 2.563175916671753
114100 2.551767587661743
114200 2.623819589614868
114300 2.577338457107544
114400 2.567847728729248
114500 2.5582969188690186
114600 2.5796778202056885
114700 2.5509262084960938
114800 2.6116647720336914
114900 2.580655813217163
115000 2.6126549243927
115100 2.563664436340332
115200 2.705803871154785
115300 2.609466314315796
115400 2.6230175495147705
115500 2.585181951522827
115600 2.593236207962036
115700 2.5995543003082275
115800 2.6376991271972656
115900 2.6088082790374756
116000 2.6269426345825195
116100 2.6078996658325195
116200 2.5991835594177246
116300 2.6370186805725098
116400 2.6550827026367188
116500 2.616730213165283
116600 2.6000523567199707
116700 2.6697514057159424
116800 2.623769998550415
116900 2.6231446266174316
117000 2.999431848526001
117100 3.315176248550415
117200 4.1736860275268555
117300 3.0319626331329346
117400 2.66337251663208
117500 2.66951847076416
117600 2.6301567554473877
117700 2.6554818153381348
117800 2.654913902282715
117900 2.61973237991333
118000 2.6599576473236084
118100 2.6502063274383545
118200 2.712679624557495
118300 2.6577272415161133
118400 2.669689655303955
118500 2.6538236141204834
118600 3.005937099456787
118700 4.463175296783447
118800 3.0921823978424072
118900 4.012015104293823
119000 3.6765801906585693
119100 2.6878862380981445
119200 2.708235025405884
119300 3.2133779525756836
119400 2.7215428352355957
119500 2.672189712524414
119600 2.71494460105896
119700 2.7439494132995605
119800 2.723215341567993
119900 2.734070062637329
120000 2.699392080307007
120100 2.6790928840637207
120200 2.7375171184539795
120300 2.692272186279297
120400 2.7235701084136963
120500 2.7290921211242676
120600 3.1016387939453125
120700 2.9889965057373047
120800 3.5098280906677246
120900 3.4209554195404053
121000 3.9928863048553467
121100 4.132365465164185
121200 2.9985735416412354
121300 2.8256587982177734
121400 2.7126379013061523
121500 2.7807459831237793
121600 2.7593507766723633
121700 2.710062265396118
121800 2.812859535217285
121900 2.753399610519409
122000 2.721102476119995
122100 2.762582540512085
122200 2.7925796508789062
122300 2.7495551109313965
122400 2.7606756687164307
122500 2.7805776596069336
122600 2.7460155487060547
122700 2.7775158882141113
122800 2.8201096057891846
122900 2.781996250152588
123000 2.8273696899414062
123100 2.7930219173431396
123200 2.7755703926086426
123300 2.833441972732544
123400 2.816516876220703
123500 2.9245002269744873
123600 2.7904703617095947
123700 2.8365018367767334
123800 2.7995762825012207
123900 2.7949392795562744
124000 2.8298537731170654
124100 2.809130907058716
124200 2.809624671936035
124300 2.827362537384033
124400 2.81815242767334
124500 2.882960796356201
124600 2.839832067489624
124700 2.81931209564209
124800 2.8939878940582275
124900 2.8283638954162598
125000 2.8338000774383545
125100 2.8378171920776367
125200 2.8351643085479736
125300 2.916071891784668
125400 2.899975299835205
125500 2.9913330078125
125600 2.828584909439087
125700 2.8750030994415283
125800 2.85695219039917
125900 2.876256227493286
126000 2.8739967346191406
126100 2.856987714767456
126200 2.909492254257202
126300 2.8548054695129395
126400 2.932798147201538
126500 2.862233877182007
126600 2.8748605251312256
126700 2.93943452835083
126800 2.9061436653137207
126900 2.891571283340454
127000 2.944126844406128
127100 2.8918991088867188
127200 2.8720297813415527
127300 2.9231128692626953
127400 2.9224460124969482
127500 2.938538074493408
127600 2.903475522994995
127700 2.910479784011841
127800 2.933957099914551
127900 2.909419059753418
128000 2.907410144805908
128100 2.9646239280700684
128200 2.9341557025909424
128300 2.9234559535980225
128400 2.880438804626465
128500 2.9229989051818848
128600 2.921515464782715
128700 2.9391825199127197
128800 2.9585227966308594
128900 2.899226427078247
129000 2.937832832336426
129100 2.95035719871521
129200 2.955958604812622
129300 2.9035205841064453
129400 3.002990484237671
129500 2.958425283432007
129600 2.982835054397583
129700 2.9344234466552734
129800 2.872164011001587
129900 4.710507869720459
130000 4.113994836807251
130100 3.451655864715576
130200 4.014766693115234
130300 4.360934495925903
130400 3.019923448562622
130500 3.0178143978118896
130600 2.9939587116241455
130700 3.0072739124298096
130800 3.020653247833252
130900 2.9776952266693115
131000 2.953439235687256
131100 2.977379083633423
131200 2.951294422149658
131300 3.003113269805908
131400 3.0057179927825928
131500 2.999720811843872
131600 2.9902329444885254
131700 3.0058631896972656
131800 2.991204261779785
131900 3.0783677101135254
132000 2.975461006164551
132100 3.0307202339172363
132200 3.024430274963379
132300 2.99796199798584
132400 3.021376848220825
132500 2.9885449409484863
132600 3.0486576557159424
132700 3.0558977127075195
132800 3.027663230895996
132900 2.9952187538146973
133000 3.5890729427337646
133100 3.5435900688171387
133200 3.088742256164551
133300 3.034532070159912
133400 3.1178598403930664
133500 2.989755153656006
133600 3.0373239517211914
133700 3.0452165603637695
133800 3.0686190128326416
133900 3.036379337310791
134000 3.0580358505249023
134100 3.062535285949707
134200 3.053849458694458
134300 3.065904140472412
134400 3.153402805328369
134500 3.034186601638794
134600 3.1155409812927246
134700 3.0708377361297607
134800 3.389801025390625
134900 3.7377820014953613
135000 3.365330457687378
135100 3.6830637454986572
